time,x,y,z,phi,theta,psi,x_velocity,y_velocity,z_velocity,phi_velocity,theta_velocity,psi_velocity,rotor_speed1,rotor_speed2,rotor_speed3,rotor_speed4
0.06,-4.11219716308e-08,4.33453553132e-07,10.0006866549,0.000418144185883,6.28276992085,0.0,1.20547027805e-05,3.58774781225e-05,0.022888048637,0.0181595389912,-0.0267184018725,0.0,413.2814964216887,410.9202755211471,410.5100397283539,412.1179133426238
0.12000000000000001,1.57360547627e-05,1.55385351128e-05,10.0054267504,0.00122517423401,6.2808788515,0.0,0.000692813938596,0.000568391332263,0.13510746244,0.00180326259147,-0.0434463414712,0.0,441.5639407003342,440.18164070496533,441.3278925340894,439.975943481494
0.18,0.000133494800646,8.38224578018e-05,10.0233943194,0.0010206987027,6.27864586952,0.0,0.00355800505899,0.00170497269653,0.463735445122,-0.016677063587,-0.0270102298274,0.0,503.73265470054156,504.91908055309625,504.9409047095757,503.60625082744355
0.23999999999999996,0.000454282652609,0.000204588852473,10.0557757081,6.28304409342,6.2772190035,0.0,0.00730097089914,0.00220260817712,0.61557336561,-0.0253708813853,-0.0180000877918,0.0,452.5269678550341,453.251492952324,454.0603274388043,453.3624815251673
0.3,0.00105546597863,0.000325829869572,10.1015097697,6.28173779716,6.27615898734,0.0,0.0128770503206,0.00165521388401,0.908707995179,-0.0154018683985,-0.0170088588156,0.0,494.20454785313945,494.2776978653547,495.05912177625015,495.7920279914872
0.36000000000000004,0.00200409095532,0.000385694871835,10.1627578791,6.28041778698,6.27481365504,0.0,0.0188809722042,0.000211834265605,1.13269944342,-0.0404041386302,-0.0363718203749,0.0,476.9608988419344,475.47994445816647,475.67813005892907,473.7597960856448
0.4200000000000001,0.00333235359675,0.000328730337945,10.2353194596,6.2791317143,6.27250879246,0.0,0.0256391450908,-0.00229772044607,1.28585705575,0.00171626822803,-0.0428479089908,0.0,455.8644137615211,455.346001712052,452.19780715602667,455.57753160941087
0.48000000000000015,0.00512187997828,0.000100244834863,10.3173337495,6.2787464501,6.26992515125,0.0,0.0342960636883,-0.00532258458469,1.44775806547,-0.0323889791632,-0.043489549691,0.0,457.0412507299814,456.98914268562464,459.8709539615927,457.1617831317556
0.5400000000000001,0.0074687978011,-0.000320122070279,10.4075741457,6.27652499702,6.26703981917,0.0,0.0442155318759,-0.00890288583597,1.56010302521,-0.0484386955641,-0.0593910027404,0.0,442.5637812514969,441.2516259908398,444.53938125505397,443.22168841633646
0.6000000000000002,0.0104808071696,-0.00100814583817,10.5048831936,6.27346069079,6.26334304487,0.0,0.0565641274305,-0.0143440505682,1.6833489519,-0.0569378148811,-0.066472437423,0.0,446.85677451543853,446.27646365551084,447.06001772096255,446.3653480362102
0.6600000000000003,0.014349450882,-0.00210780430694,10.611293518,6.26981847671,6.259363747,0.0,0.0728384178209,-0.0227084753911,1.86337131201,-0.069558675289,-0.0660218600588,0.0,463.9603035431546,463.992606759868,465.27029900803984,464.27871244074595
0.7200000000000003,0.0192573275865,-0.00377989357479,10.7273253201,6.26549128324,6.25539736734,0.0,0.0911797572676,-0.0334828005035,2.00410064328,-0.0778061310069,-0.0662757160526,0.0,453.40885432834085,453.3853096401592,453.0902258866079,452.42277390369964
0.7800000000000004,0.0255087849319,-0.00629661832798,10.8572694284,6.2607803991,6.25111647651,0.0,0.117738389149,-0.051029178238,2.32674067548,-0.0799701057816,-0.0841486752049,0.0,507.83159517927623,506.5446797582604,505.71159021612254,505.5515965559038
0.8400000000000004,0.0333739208073,-0.00992342290614,11.0034808121,6.25618749339,6.24638564123,0.0,0.145000684138,-0.0704140667438,2.54647312984,-0.0704621409878,-0.0699340051867,0.0,478.2896056480286,479.3663647382302,477.9489530040279,478.6688057705405
0.9000000000000005,0.0429535323651,-0.0147992770146,11.162039059,6.25159062854,6.24304534501,0.0,0.174727609702,-0.0926064921252,2.73832772803,-0.0932294545473,-0.0364817680512,0.0,469.9757869037953,472.55913700411327,472.419528436872,470.6562677616297
0.9600000000000005,0.0544866002479,-0.0211999082212,11.3345430116,6.24589353863,6.24041717436,0.0,0.209978140948,-0.121444699667,3.01108479932,-0.0986365319364,-0.0654152022483,0.0,497.04660060447816,494.9206007837047,495.6372791396194,495.233072238822
1.0200000000000005,0.0679618786522,-0.0292598605654,11.5176829574,6.23963852975,6.23648627581,0.0,0.239578029703,-0.147812330469,3.09331312784,-0.118881395948,-0.0657151748342,0.0,440.34026489787254,440.312231873799,441.2158839607504,439.5313925546285
1.0800000000000005,0.0834043821153,-0.0391369745836,11.7081050037,6.23316761771,6.23240675292,0.0,0.275594723149,-0.182150994683,3.25358064699,-0.0918761064276,-0.0729835610427,0.0,464.7331860443339,464.15983617787856,464.54205412329827,466.644776274463
1.1400000000000006,0.100956736353,-0.0510709354379,11.9053342688,6.22769257171,6.22775563755,0.0,0.309909429089,-0.216169522255,3.32047381356,-0.0900293957397,-0.0886197591506,0.0,438.15662316015283,436.84970284565355,436.6975485666901,436.84441385818286
1.2000000000000006,0.120565677531,-0.0650561848376,12.1048522977,6.22222550383,6.22262239116,0.0,0.34418198811,-0.250483258543,3.33003129844,-0.093386925027,-0.0800400885206,0.0,418.1803261922485,418.92049422649313,419.51317038741365,419.213994900886
1.2600000000000007,0.142231753646,-0.0811074029636,12.3034778309,6.21750178019,6.21789744032,0.0,0.37841391558,-0.284974772475,3.29086826334,-0.0591787102019,-0.0762863283171,0.0,402.9552097600922,403.28876365413026,400.4558212665306,403.5493758679844
1.3200000000000007,0.166544328074,-0.0998160724909,12.5075089645,6.21418837297,6.21318990027,0.0,0.43251470822,-0.339010366731,3.50943609084,-0.0483017230433,-0.0831998830003,0.0,484.6162940815617,484.0919602364578,483.16174218347294,483.979287040228
1.3800000000000008,0.194357841119,-0.121981545601,12.7266160626,6.21082602712,6.2090341762,0.0,0.49511469919,-0.400165857042,3.79313643692,-0.0797428908114,-0.0503764494397,0.0,503.33144117457465,505.69797028022117,504.43050855257604,502.1527957109053
1.4400000000000008,0.225716486673,-0.147608772157,12.958579341,6.20613889437,6.20571951959,0.0,0.550474110829,-0.454550487783,3.93838752086,-0.0750558066591,-0.0673865587265,0.0,466.99599319082205,465.66520563529485,465.0740063981219,465.4364251461937
1.5000000000000009,0.26043780846,-0.176565748159,13.1987898669,6.20151141202,6.20154633757,0.0,0.607299583394,-0.511127899736,4.06806682058,-0.0816188579341,-0.0742795088489,0.0,462.2637968901009,461.71677454886344,462.8556429344982,462.33432482619565
1.560000000000001,0.298766719274,-0.20912541965,13.4480597834,6.1967092862,6.19746228474,0.0,0.670751861688,-0.574683735262,4.24017546313,-0.0770448049346,-0.0578882110454,0.0,476.3577437426741,477.60637355964434,475.19931429325345,475.54513637684545
1.620000000000001,0.340463253145,-0.245074626139,13.7015595254,6.19176485656,6.19428276469,0.0,0.719409428993,-0.624023315889,4.20983058506,-0.0961723933965,-0.0446609942968,0.0,413.0034343637436,414.1664327236259,414.622761527603,412.93240220577025
1.680000000000001,0.38545662673,-0.284407811375,13.9568606363,6.18577402591,6.19160167394,0.0,0.780599615588,-0.687637105109,4.29974000899,-0.108445434724,-0.0447325772741,0.0,452.61802145440873,452.6111562925526,453.48192719748033,452.486421473073
1.740000000000001,0.434215595148,-0.327725835038,14.217975307,6.17904499467,6.18872992901,0.0,0.844935768529,-0.75692951411,4.4035318898,-0.120831683074,-0.0549979587808,0.0,458.9731197123495,458.1562519416546,458.1183735105613,457.1214581545062
1.8000000000000012,0.486900288805,-0.375348908402,14.4853452632,6.17204055032,6.1850516857,0.0,0.911523231395,-0.831185949436,4.50820807079,-0.109614490988,-0.0785194812067,0.0,460.58002157097235,458.71300498155205,458.9800596620082,459.8577383782714
1.8600000000000012,0.543205680905,-0.42705642603,14.7544134418,6.16517621032,6.17999678819,0.0,0.965719874961,-0.89294905285,4.4607517166,-0.126296720012,-0.0992926203442,0.0,412.8673249499911,411.0235058455205,411.6183897321298,410.1261234800623
1.9200000000000013,0.603437854859,-0.483255529479,15.0262085725,6.15744201237,6.17394617941,0.0,1.04259450975,-0.9810960852,4.5982719005,-0.134698851588,-0.104138276415,0.0,471.74151301802436,471.3589927023418,470.450346697635,469.78499033132
1.9800000000000013,0.667908917361,-0.544333804069,15.3016896757,6.14939644478,6.16777058895,0.0,1.10696240908,-1.05552630753,4.58424513448,-0.132908700852,-0.100608732075,0.0,424.0530138817966,424.34637803002306,424.8091131786249,424.9451300028744
2.0400000000000014,0.736353667497,-0.610023076472,15.5763546709,6.14187900644,6.16185499662,0.0,1.17502837569,-1.13476625391,4.57105270468,-0.11327909206,-0.0948422861771,0.0,424.77858292819093,425.26401335394667,424.6413285257354,426.3067849164716
2.1000000000000014,0.809382967216,-0.681055877976,15.8534210299,6.13483551728,6.15614566334,0.0,1.25978890061,-1.23361704336,4.66381111378,-0.12722906659,-0.0957890868847,0.0,459.43434948246954,459.35188961668695,460.7637495632987,459.6474541311271
2.1600000000000015,0.887769632251,-0.758344935618,16.1372131424,6.12857406924,6.15049712909,0.0,1.35361060491,-1.34329838558,4.79503551134,-0.0784619044592,-0.0910389241205,0.0,472.1888939423289,472.5482968785698,471.7622162650961,475.5030586899441
2.2200000000000015,0.97157360289,-0.841959097091,16.4264049304,6.12356894652,6.1449752306,0.0,1.44031763464,-1.44424579311,4.84418846475,-0.095841924021,-0.0940933431119,0.0,449.93730248250154,449.6828876106099,449.63596797622364,448.21976446952897
2.2800000000000016,1.0608854356,-0.931959495853,16.7199279023,6.11788885099,6.13915242132,0.0,1.53723207472,-1.55625476869,4.93914387865,-0.0924202026041,-0.103721311067,0.0,465.59422601633287,464.8325951242342,464.3006589838397,464.56188032702363
2.3400000000000016,1.15564364469,-1.02824450175,17.0158185613,6.11205535999,6.13338019983,0.0,1.62185758316,-1.65371777573,4.92362092639,-0.109160817037,-0.0843164051055,0.0,430.5933937863205,432.2237263843689,431.45338157172716,430.0288322030774
2.4000000000000017,1.25494011863,-1.12976749961,17.3066390771,6.10586580937,6.12817796602,0.0,1.68842217037,-1.73089760421,4.7707955668,-0.093269310429,-0.0919625626494,0.0,383.708541020591,382.97425323001715,382.26321859790556,383.7636019708628
2.4600000000000017,1.358925903,-1.23671324808,17.5922047191,6.10030571247,6.12284024544,0.0,1.77819676522,-1.83442707494,4.74781347337,-0.0914933774896,-0.0835540425516,0.0,428.30465057192964,429.0123596757222,428.02161350763214,428.1651486538191
2.520000000000002,1.46811501052,-1.34966470962,17.8747335523,6.09568308045,6.11741521589,0.0,1.86183846387,-1.93104677466,4.6698327767,-0.0576843792456,-0.109926253618,0.0,411.55805493559785,409.2087339939504,408.1071070930897,411.10844366823886
2.580000000000002,1.58261078821,-1.46870997169,18.1537450259,6.09242526535,6.11048042475,0.0,1.95521519587,-2.03741780896,4.63036862703,-0.0482640098116,-0.130350278839,0.0,423.7523541989167,421.97967298535303,423.40514210789405,424.21281807418035
2.640000000000002,1.70325975583,-1.59466508171,18.4327883091,6.08937520692,6.10280343415,0.0,2.06705297946,-2.16130327896,4.67047596112,-0.0565442673981,-0.123540206732,0.0,449.8436098247872,450.3800584662205,450.56695386785657,449.89529560506594
2.700000000000002,1.83145319007,-1.72884587716,18.7179006379,6.08585814913,6.09532729891,0.0,2.20668673079,-2.31159354771,4.8320260392,-0.0631231820326,-0.126813424919,0.0,488.99198969789586,488.7354957710299,489.37242099787164,488.8803394345888
2.760000000000002,1.9668775273,-1.87078086001,19.0059402252,6.08156709262,6.08886975812,0.0,2.3079788773,-2.4199178497,4.76915630925,-0.0990468121791,-0.0843220700995,0.0,417.36902142965135,421.04972105325203,421.9338705454411,418.81548290366425
2.820000000000002,2.1087450577,-2.01957612335,19.2915357377,6.07508897751,6.08356285926,0.0,2.42130355274,-2.54043063097,4.75029743698,-0.139270772238,-0.0983292662244,0.0,435.67095349851115,434.49119919628265,436.91470813338617,433.535837322135
2.880000000000002,2.25762413971,-2.17585509568,19.5765562888,6.06693636258,6.07725245061,0.0,2.54176185073,-2.66954482975,4.74979066228,-0.129837767122,-0.124596572061,0.0,443.7968831880924,441.6250218661399,441.444699155407,442.2053003972845
2.940000000000002,2.41398687204,-2.34017795636,19.8621656874,6.05934057907,6.07013172177,0.0,2.67086128652,-2.80850245578,4.76976061497,-0.120800490888,-0.108905261404,0.0,449.0702404525947,450.3288413317046,450.6791678994251,451.39475708156994
3.000000000000002,2.57830250435,-2.51306963622,20.1492973851,6.05180984447,6.06398373647,0.0,2.80675367766,-2.95514322276,4.80046782433,-0.137152838272,-0.0919841056049,0.0,454.67554094641656,456.0204243752812,456.32576068704384,455.0041763913212
3.0600000000000023,2.75014438568,-2.69415690088,20.4350326364,6.04355689049,6.05840684056,0.0,2.9216834341,-3.08176726433,4.72376785661,-0.138353118601,-0.0949483463056,0.0,420.7813178105415,420.5167341952339,421.80482122690637,421.6824910967428
3.1200000000000023,2.93042529292,-2.88450217536,20.7223089567,6.03519275075,6.05254285529,0.0,3.08799241277,-3.26372861115,4.85063715497,-0.14158534689,-0.103977258983,0.0,488.39186527706823,487.7105693505613,488.5099827200529,488.2527305538731
3.1800000000000024,3.11992106759,-3.08502893534,21.013490671,6.02691877299,6.0458937356,0.0,3.22892979805,-3.42115196944,4.85457444751,-0.13140037105,-0.130228085685,0.0,454.73020032484436,452.61093813154434,450.9207943542452,451.7256167786775
3.2400000000000024,3.31761319545,-3.29476324315,21.3033458523,6.01883821892,6.03757221927,0.0,3.36134312989,-3.57061115926,4.8066474882,-0.142188902973,-0.166639065799,0.0,438.5664007754571,435.51152589456325,437.49327363275427,436.5766842095666
3.3000000000000025,3.52408046004,-3.51433052352,21.5929035992,6.01043250886,6.02781494658,0.0,3.52158697553,-3.74890110522,4.84400448079,-0.136210172972,-0.155609284897,0.0,465.8708457203746,466.7087319688309,467.2367745321895,467.68555503170825
3.3600000000000025,3.73917835597,-3.7435635708,21.8803552238,6.00254470083,6.01835687976,0.0,3.64897402101,-3.89282642948,4.73731617485,-0.123356233842,-0.162021810624,0.0,420.9983072064566,420.41781272303456,420.33715952336115,421.43285478050984
3.4200000000000026,3.9627570762,-3.98227725322,22.1638148367,5.99476726968,6.00860623593,0.0,3.80428655388,-4.06483611361,4.7103854936,-0.146672948427,-0.163505576251,0.0,450.500581272323,450.35579597468086,449.6424229905236,447.73337353041944
3.4800000000000026,4.19544817498,-4.23109094632,22.4443322808,5.98592328161,5.99834545948,0.0,3.95272094317,-4.22959777259,4.63941182774,-0.148892760033,-0.193491586251,0.0,438.5240429274969,435.99582868734626,436.2482578038071,436.0419900263345
3.5400000000000027,4.43740623155,-4.49014151872,22.7211463563,5.97651876809,5.98667539359,0.0,4.11330208344,-4.40604381424,4.58668259208,-0.181004947434,-0.196597090372,0.0,446.0402447267118,445.7496886416442,445.44221227134886,442.7833869258424
3.6000000000000028,4.68907739411,-4.75984064222,22.9943509554,5.96615168806,5.97474292994,0.0,4.27647860054,-4.58464011838,4.51905123336,-0.160030563128,-0.203860494999,0.0,442.76446692199687,442.12735382873666,441.48258025433705,443.18098069111994
3.660000000000003,4.95043572043,-5.04014463209,23.2625243706,5.9565020469,5.96244208876,0.0,4.43622086578,-4.75947868488,4.41914131603,-0.162468268534,-0.207422684744,0.0,434.1373574706552,433.7958650675416,433.2137871647199,432.98336585505785
3.720000000000003,5.22089317802,-5.33045709016,23.5227126299,5.9470207872,5.95078952801,0.0,4.57974953972,-4.91830002375,4.25327744643,-0.150359083958,-0.176030079908,0.0,410.1078114665966,412.8463172180533,410.83122877778396,411.87782192008376
3.780000000000003,5.50017225176,-5.63050894546,23.7730453015,5.93776392193,5.94032302163,0.0,4.73015370076,-5.08411130148,4.09059697978,-0.163567593095,-0.171444851314,0.0,412.8303453535236,413.2030301222074,415.45807440926507,414.2734587756546
3.840000000000003,5.7901624369,-5.94213685428,24.0176082197,5.92763310059,5.92962521431,0.0,4.93666456193,-5.30408134585,4.05990599011,-0.182317936818,-0.197733105039,0.0,464.23359671249585,462.13567279385535,463.9951665777218,462.4940061815102
3.900000000000003,6.09293669126,-6.2673583744,24.2607253362,5.91641753553,5.9176818803,0.0,5.15636144438,-5.53723809604,4.04207061697,-0.198237611523,-0.201836190196,0.0,471.04264557441655,470.68878796542936,472.7566514454141,471.4961108114252
3.960000000000003,6.40872183988,-6.60643003292,24.5016978106,5.90562251263,5.90573085609,0.0,5.3703420181,-5.76575700647,3.98854689679,-0.157290500809,-0.19435378112,0.0,462.69166465587,463.2433930562327,462.8955056153759,466.0760573003381
4.020000000000002,6.73637516072,-6.95832835534,24.7366021861,5.89640018361,5.89425253715,0.0,5.55198038598,-5.9647943314,3.84053609713,-0.147364913679,-0.185823906423,0.0,433.4420184841833,434.12182129702586,433.0796571461943,433.8909370228206
4.080000000000001,7.07464892597,-7.32193819407,24.9615511388,5.88789904337,5.88378042178,0.0,5.72430913118,-6.15617114338,3.65695124136,-0.132244342309,-0.1582988252,0.0,420.71264102650014,423.0580563213606,422.8384284979707,424.11950551941896
4.14,7.42412556956,-7.69786185653,25.1770017392,5.8798148188,5.87404264321,0.0,5.92522893378,-6.37515010681,3.52353224518,-0.140250813354,-0.171797496457,0.0,444.1256834731709,442.9914620460182,444.6201441833944,443.9466863706398
4.199999999999998,7.78686450041,-8.08806384316,25.386603109,5.87158297071,5.86365916648,0.0,6.1662851691,-6.63196013563,3.46125873788,-0.131705698657,-0.175702128331,0.0,472.9649248492753,472.6371831754669,472.7901965540282,473.43207991069187
4.259999999999997,8.16393903727,-8.49359557319,25.5917305405,5.86371852279,5.85314175688,0.0,6.40308162736,-6.8861342628,3.37448965386,-0.129841299398,-0.174479868083,0.0,469.8348648354233,469.90189233374787,467.7285305360425,467.8589286682901
4.319999999999996,8.55302772873,-8.91247236808,25.7868563594,5.85566889078,5.84236067028,0.0,6.56699723518,-7.07713938402,3.12906608438,-0.144604244861,-0.192904904643,0.0,413.4492105951264,411.78767013941706,412.73861505342853,411.41476896933426
4.379999999999995,8.95375307018,-9.34445194667,25.9703901369,5.847609447,5.83086254332,0.0,6.79079201235,-7.32263286024,2.98704523841,-0.119172479139,-0.189214036018,0.0,454.76482411196764,455.02561453054005,454.4560781049835,456.4740245232598
4.439999999999993,9.36857140925,-9.79177943571,26.1462017662,5.8404599837,5.81958608014,0.0,7.03664552204,-7.58859985572,2.87139282938,-0.119128251883,-0.185513126744,0.0,468.96480130908446,469.2199836512818,469.4010113751938,469.39249946303295
4.499999999999992,9.79686986538,-10.2540197403,26.3123446029,5.83325348391,5.80880909005,0.0,7.24023946957,-7.8199712118,2.66542735413,-0.122142218254,-0.169876575193,0.0,439.0663305528009,440.33040082599075,439.51537330977925,439.25222201527333
4.559999999999991,10.2386696163,-10.7313052706,26.4680302228,5.82607688117,5.79864751656,0.0,7.48641961139,-8.08993540472,2.52218727893,-0.114978052835,-0.168346477383,0.0,467.45745041204515,467.5507855283395,466.85604959417043,467.4027492520385
4.6199999999999894,10.6951740305,-11.2248145805,26.6146283236,5.819122724,5.78863695012,0.0,7.73036546712,-8.36078600735,2.36254929608,-0.117817149104,-0.163997051631,0.0,466.14440218874677,466.45909849204367,465.7250406656714,465.49149941781445
4.679999999999988,11.1664678282,-11.7347950623,26.75153654,5.8115993804,5.77849060385,0.0,7.97932648268,-8.63897926273,2.19907062893,-0.148208867043,-0.182010069549,0.0,469.54275846159555,468.1166078822299,471.0653164829422,468.6943364526014
4.739999999999987,11.6519660204,-12.2609683667,26.8770733337,5.80244682941,5.76754114863,0.0,8.20396626412,-8.9007072549,1.98364682257,-0.163027081851,-0.183468864481,0.0,454.8746455461998,454.7263542921278,454.80231403743767,453.59183015009904
4.799999999999986,12.1513800335,-12.8033213401,26.9899854487,5.79242099956,5.75739639125,0.0,8.44302744428,-9.17827596357,1.7779521743,-0.17680681553,-0.149786622021,0.0,461.8193620376817,464.44236131238995,464.4134696128486,463.3053259892659
4.859999999999984,12.6648161266,-13.3622192759,27.0897008308,5.78148302453,5.74906056304,0.0,8.67125272994,-9.45234843429,1.54391509151,-0.196495149599,-0.123150957479,0.0,457.5427415516514,459.641478434478,457.90087726037456,456.299671715968
4.919999999999983,13.1904039878,-13.9365038641,27.1727862953,5.76965934147,5.74146789778,0.0,8.84828792978,-9.69147118412,1.22428815826,-0.198216635574,-0.134373009882,0.0,427.29599847956575,426.3223734354158,427.7594589920915,427.57313260895285
4.979999999999982,13.7283315093,-14.5267502047,27.238909956,5.75787386565,5.73341993528,0.0,9.08219952542,-9.9841229685,0.97756304964,-0.19306718553,-0.133656904888,0.0,462.6750554680335,462.7156547594239,461.8479604943603,462.21799796986136
5.0399999999999805,14.2812585406,-15.1355642558,27.2912498403,5.74693865057,5.72495536266,0.0,9.34803260157,-10.3102186715,0.764313688122,-0.166524626676,-0.163130940219,0.0,483.6172448040295,481.37366023765793,481.0370889272228,483.0136941007951
